0,444
135,3
135,1
134,5
134,4
134,3
134,1
133,5
133,4
133,3
133,2
133,1
132,5
132,3
132,1
131,6
131,5
131,4
131,3
131,1
130,5
130,4
130,3
130,1
129,4
129,3
129,2
129,1
128,7
128,6
128,5
128,4
128,3
128,2
128,1
127,4
127,3
127,1
126,5
126,4
126,3
126,1
124,6
124,5
124,4
124,3
124,1
122,5
122,4
122,3
122,2
122,1
119,4
119,3
119,1
118,8
118,7
118,4
118,3
118,1
115,5
115,4
115,3
115,1
112,3
112,1
98,3
98,1
71,3
71,1
5,3
5,1
4,3
4,2
4,1
4,0
3,6
3,5
3,4
3,3
3,2
3,1
3,0
2,12
2,11
2,10
2,8
2,7
2,6
2,4
2,3
2,2
2,1
2,0
1,3
1,2
1,1
1,0
0,439
0,408
0,347
0,339
0,334
0,331
0,326
0,322
0,243
0,9
0,0
0,310
0,305
0,308
0,304
0,303
0,302
0,307
0,12
0,438
0,10
0,8
0,409
0,300
0,410
0,299
0,407
0,298
0,406
0,297
0,405
0,296
0,404
0,295
0,403
0,294
0,402
0,293
0,433
0,292
0,401
0,291
0,400
0,290
0,399
0,289
0,432
0,288
0,398
0,287
0,397
0,286
0,431
0,285
0,396
0,284
0,395
0,283
0,394
0,282
0,393
0,281
0,392
0,280
0,437
0,279
0,430
0,278
0,391
0,277
0,429
0,276
0,428
0,275
0,390
0,274
135,4
135,5
136,3
136,4
119,6
132,4
124,2
119,5
136,1
0,389
0,273
0,436
0,272
0,388
0,271
0,387
0,270
0,386
0,269
0,385
0,268
0,384
0,267
0,427
0,266
0,426
0,265
0,383
0,264
0,382
0,263
0,381
0,262
0,425
0,261
0,380
0,260
0,379
0,259
0,378
0,258
0,377
0,257
0,376
0,256
0,424
0,255
0,423
0,254
0,375
0,253
0,374
0,252
0,422
0,251
0,373
0,250
0,372
0,249
0,371
0,248
0,370
0,247
0,369
0,246
0,421
0,245
0,420
0,244
0,368
0,242
0,367
0,241
0,419
0,240
0,366
0,239
0,365
0,238
0,364
0,237
0,363
0,236
0,362
0,235
0,418
0,234
0,417
0,233
0,361
0,232
0,360
0,231
0,416
0,230
0,415
0,229
0,414
0,228
0,359
0,227
0,358
0,226
0,357
0,225
0,356
0,224
0,355
0,223
0,413
0,222
0,412
0,221
0,354
0,220
0,353
0,219
0,435
0,218
0,434
0,217
0,411
0,216
0,352
0,215
0,351
0,214
0,350
0,213
0,349
0,212
0,348
0,211
0,210
0,346
0,209
0,345
0,208
0,344
0,207
0,343
0,206
0,342
0,205
0,341
0,204
0,340
0,203
0,443
0,202
0,338
0,201
0,337
0,200
0,336
0,199
0,335
0,198
0,442
0,197
0,333
0,196
0,332
0,195
0,441
0,194
0,330
0,193
0,329
0,192
0,328
0,63
0,327
0,62
0,440
0,61
0,325
0,60
0,324
0,59
0,323
0,58
0,321
0,57
0,320
0,56
0,319
0,55
0,318
0,54
0,317
0,53
0,316
0,52
0,315
0,51
0,314
0,50
0,313
0,49
0,312
0,48
0,311
0,47
0,309
0,46
0,306
0,45
0,301
0,6
0,5
0,1
0,11
0,4
0,2
0,3
0,7
